0,3.1405387456508973
1,3.291628805922943
2,3.5482706346290915
3,3.4187873752857647
4,3.4542274926686787
5,3.3295816369836744
6,2.866809185499335
7,2.598916431168901
8,2.689548818844445
9,2.821432308194932
10,2.74839897789368
11,2.8202640981190146
12,2.7148652296364797
13,2.620360700147469
14,2.8637434003581004
15,3.131228379821856
16,3.281822593246929
17,3.537413446399188
18,3.4233550773146306
19,3.4486698620698033
20,3.341015564545121
21,2.883927977486224
22,2.659071391594072
23,2.79046080160697
24,3.1007945525795866
25,3.1601324592957853
26,3.0873123867828056
27,2.2800241152245504
28,1.5012047234239962
29,0.7832437070128726
30,0.7178850555632238
31,1.1788189265828533
32,1.9127352981171526
33,2.9487867982735456
34,3.3398281889158272
35,3.204151350890742
36,2.900280093676368
37,3.3965243208636986
38,3.667634379561395
39,2.853035000616753
40,2.030568011412147
41,0.36876001714060286
42,0.0
43,0.3072918483524926
44,2.0617960703689224
45,2.894130817602929
46,3.6156917210507364
47,3.2965822240125044
48,3.0082006070576925
49,2.77434971542902
50,2.739187257207249
51,2.8926431742659244
52,3.043107553052575
53,3.4426982913200965
54,3.143645789021899
55,2.380313502753306
56,1.4646542902440165
57,0.7944814490981438
58,0.6056091591818252
59,1.4514022205442993
60,2.5184620723663893
61,3.6023564294787165
62,3.668373193466158
63,3.1144283247147877
64,2.990118720521949
65,2.927242511182453
66,2.8796950093230533
67,2.9519609332942762
68,3.273464306803042
69,3.733647282573968
70,4.240163813314202
71,3.9722270284824432
72,3.6878684790873386
73,3.3659538048956446
74,3.09955693420161
75,3.0159562127102197
76,2.8326621354595813
77,2.6936762234833367
78,2.6215259759625256
79,2.939555463203793
80,3.3118846331188494
81,3.6651070926039266
82,3.6401171554716827
83,3.2451971117930145
84,3.0644120705499853
85,2.9688594485696695
86,3.0809595355561723
87,2.8935290307181405
88,2.7256970396814126
89,2.722529783828036
90,2.8335485754595293
91,2.8637882825302765
92,2.988642049768643
93,2.919450336473554
94,2.93351767886369
95,3.1425732934649298
96,2.959825660796196
97,2.9072163259348796
98,3.1339273930549636
99,3.016729015234185
100,2.7130954729702768
101,2.7164097471934276
102,2.792702686893794
103,3.8517070703420893
104,4.671589437508362
105,4.656796514612297
106,4.969094570359185
107,5.142158263308831
108,5.8614878249204665
109,5.153329374306134
110,4.559512884377144
111,4.7865403638649955
112,4.685309272914313
113,3.5180273487769513
114,1.6684550055294127
115,0.821447703081849
116,1.504535545786939
117,2.057623334778363
118,3.2832030797155394
119,3.7751595672278713
120,4.096671857461394
121,3.8669583850761584
122,3.2049996638704714
123,1.8686118227686364
124,1.8377937151039743
125,1.5744125253238221
126,2.5561309683962663
127,3.4158464628199625
128,4.336819307657772
129,4.293780756741292
130,3.842770258695942
131,2.8613997042713337
132,3.0668469456028564
133,3.0305998703345653
134,3.0862401383641624
135,3.2805613190927487
136,3.5276796753321356
137,3.5413183779243886
138,3.3528894726633407
139,3.450177441138503
140,3.4096649984571408
141,3.318006588327258
142,3.4690088938700185
143,3.4335184934153884
144,3.5256682638052617
145,3.4693576770588033
146,3.167101952630566
147,3.543398840605676
148,4.68069624039682
149,4.662615611834299
150,5.752825249099833
151,5.902153582511919
152,6.35661858524356
153,5.367511069569155
154,4.535039272209212
155,4.459464092541615
156,4.588113160094819
157,4.980737573666034
158,4.405043146610769
159,4.792423756120401
160,3.8976734686348187
161,3.6823197171646864
162,3.3780161757171863
163,3.0639990376496673
164,4.598688717683885
165,4.652649354220721
166,4.833847347593791
167,5.056169652151577
168,5.685343002624874
169,5.458682237331901
170,3.901490074849807
171,3.9301794766785085
172,4.585502128617654
173,4.632751623965297
174,3.227494570400234
175,2.882411317013594
176,2.4009012023937646
177,1.4954772627779667
178,0.6304043862985835
179,0.669995215223953
180,1.145974047430128
181,2.1027020718647926
182,3.030817683481348
183,3.6828484437593874
184,3.6266831263473187
185,3.10133703314328
186,2.0553538960367703
187,1.4181553291796596
188,0.8744331155847175
189,0.8596791057803843
190,1.416436344729277
191,2.312119206902883
192,3.272259161244921
193,3.3174116502269047
194,3.71583690500824
195,3.6662853169955887
196,3.58402454788356
197,2.718064316403963
198,1.4543989196036853
199,0.3050249612696152
200,0.3346626431118592
201,1.1028315525449828
202,2.1604055618960722
203,3.2565400068137826
204,3.4030669546816514
205,3.2078520481034194
206,2.850916016827293
207,3.0115253384518152
208,2.8034807553598564
209,2.7422682860923557
210,3.0020738970991356
211,3.2781650648608665
212,3.1387985674708463
213,3.0119212649124862
214,3.1870833883703606
215,3.2029446923978164
216,2.970489229994118
217,2.710159864056874
218,2.4350873340480526
219,2.3055331391701155
220,2.424277538088413
221,2.924814147105012
222,3.4102745499741087
223,4.011114066266904
224,4.426713137642314
225,4.367191852635017
226,3.9412506299273136
227,3.5326624226717165
228,3.157108934433283
229,4.581593741084699
230,4.724721659675085
231,4.847804651191833
232,5.31363943321253
233,5.724410932900947
234,6.027730609949301
235,4.708849192319162
236,4.036382108750193
237,4.5478131215684865
238,5.019259061834109
239,4.230277612141477
240,3.6413989022957898
241,2.6855612465457086
242,1.2074473502294667
243,0.4591919363327329
244,0.6873065158246352
245,1.4065513423277716
246,3.2007983061224694
247,4.907381287518309
248,5.123072919756159
249,5.183116247409446
250,4.969548665094855
251,5.633345888549656
252,4.994021704304178
253,4.400511078150901
254,4.431962629510308
255,4.389450239554607
256,3.908310540623451
257,3.0836807308680547
258,3.5669767770620204
259,3.364127566774648
260,3.151128577469259
261,3.3126345673236965
262,3.038508384842564
263,3.0073036629887366
264,2.9025558929559088
265,2.854558923956211
266,2.9612261491738643
267,3.3612182299416418
268,3.4311337340841326
269,3.1220010628827786
270,3.3243114136427283
271,3.182246789251889
272,2.761973574919782
273,2.628695476168748
274,2.5131255153496106
275,2.3245298994803023
276,3.807574115762963
277,4.1541602789781455
278,4.598903903940781
279,5.22079795001011
280,5.725254485931328
281,5.614890704788469
282,3.935990660419278
283,3.1876620722940565
284,3.6733654127148734
285,3.83591010586452
286,3.8166168335770476
287,4.106741040252813
288,3.7113488015857574
289,3.0945344559267713
290,2.7758398974460214
291,2.8936163958257044
292,3.043443730507789
293,3.4124400164991666
294,3.6212351732498007
295,3.322421874431638
296,3.068261926610218
297,3.0791038118882574
298,3.2033359125858323
299,2.90892864495996
300,2.837154970595867
301,2.853533078197794
302,2.8880902573535665
303,2.875045868327973
304,2.7551084866280884
305,2.4325076360667564
306,1.99255865530642
307,1.9926748472711047
308,2.2796529784855535
309,2.6525968690463078
310,2.919050294021302
311,3.0120444327199976
312,3.0105709935792797
313,2.972547108115635
314,2.833295418070929
315,2.978707922808216
316,2.671929636388484
317,1.8973895819485156
318,1.4618576953230629
319,1.322964762504873
320,1.5198272980099994
321,2.173946752411206
322,3.114234095840671
323,3.2577663971049127
324,3.206078705503165
325,3.1044793162433884
326,2.8810220734968057
327,2.5564770252988653
328,2.67624844414652
329,2.9524549347954463
330,2.8670024105978564
331,2.94471543656626
332,2.956252061154112
333,2.886877687831242
334,2.7782836121596146
335,2.89262681123026
336,3.0198226573966616
337,3.3151581430216255
338,3.1074036651822965
339,2.263250921902658
340,1.1869554468837626
341,1.119435106673315
342,0.5336937719505078
343,1.6160531696284754
344,2.585176779927793
345,5.267845334761181
346,5.3442440606826995
347,5.418155593976326
348,5.2647328857508855
349,5.771705179061203
350,5.405331648754063
351,3.813885382011744
352,3.901505010303798
353,4.312657233729933
354,4.792585697106576
355,2.9642207159796703
356,3.187491725951218
357,2.6904503452586312
358,2.677838577713425
359,3.0179145270476537
360,3.1945232415909692
361,3.4940330000680766
362,3.755782678214238
363,3.574666701206901
364,3.2547267532356017
365,2.9725566596654245
366,2.9954838307131313
367,2.9471747269427753
368,2.8582235778211973
369,2.935225678470125
370,2.9203929416725565
371,2.8412424481465286
372,2.8325306552958383
373,2.8868817645929017
374,3.127265676256104
375,2.9518202511501834
376,3.064896680780366
377,2.991784860230027
378,2.131779414400767
379,0.838828775111911
380,0.847535917013055
381,0.8909476982366449
382,1.6162341704289533
383,2.4375278458426255
384,3.1687554407692855
385,3.587549459558372
386,3.3330019740892456
387,3.0971503156754565
388,3.208579925889442
389,3.3039772687921682
390,3.138348417606013
391,2.026209772790837
392,1.3733875562041153
393,0.8334634260021834
394,0.8501562916546547
395,1.2614733486464766
396,2.0775989835571016
397,3.0196930010397303
398,3.512780371353947
399,3.3061691238622624
400,2.8071440335278957
401,2.7012767939029945
402,2.9195727970019725
403,3.143717960734853
404,3.302587939817041
405,2.93752066932846
406,2.750260154673357
407,3.0333124290454365
408,3.3522748774224325
409,3.4940790427754096
410,3.5637404634816936
411,2.8809200245675646
412,1.6799953452610665
413,0.7746725962714811
414,0.5286427395668658
415,0.7753041427355803
416,1.8703550895453158
417,3.41687642699689
418,5.229519126748434
419,5.110811239416002
420,5.119854800871624
421,5.003290757233255
422,5.798223688168118
423,5.275505760074749
424,4.434474271221954
425,4.590866059508898
426,4.767154317587238
427,4.5385493159647305
428,2.9724026471293064
429,3.0063660742649603
430,3.223232007672329
431,3.455077769514696
432,3.471345435349353
433,3.4330872103559105
434,3.3496123196948626
435,3.0001757208567432
436,2.854644886009277
437,2.6995451980049667
438,2.6823679576885815
439,2.7813371296228153
440,2.6712044184336885
441,2.5407561102724903
442,2.5133240931504575
443,2.4627742577178977
444,2.664703519477397
445,3.1373175644478137
446,3.415352949301324
447,3.6070272575431583
448,2.4865995605409443
449,1.4723456973499793
450,0.46880336401447237
451,0.3377534475511595
452,1.0268426606912346
453,2.208336689161284
454,3.1681624711114327
455,3.3315394049315823
456,3.4008787985250306
457,2.9428244265425922
458,2.9913562033703345
459,2.8712701240325225
460,3.047961581606753
461,3.2230920563997807
462,3.1506696553566584
463,2.006653077589233
464,1.3608440392503625
465,1.0639198963058725
466,0.7940344271527157
467,1.2107993230474932
468,1.8389210790256698
469,3.0153595499488413
470,3.6165893040866313
471,3.270091007591737
472,2.797639533218272
473,2.8058254551018176
474,2.8232793861285104
475,2.8652748051952734
476,2.986160434284996
477,3.2208280198953423
478,3.2177605836922165
479,3.1079828823856532
480,3.209813807617329
481,3.1614715601080325
482,2.8593918646282632
483,2.836136758564595
484,3.175829701751104
485,3.858996721999589
486,4.190168655574706
487,3.413737054947361
488,2.404294847359001
489,1.0967052975854963
490,0.3150647883579965
491,0.3289247288162981
492,1.8920512431940717
493,3.114729714683297
494,3.961091648522663
495,3.8134528171101336
496,2.9615972506226833
497,2.5911766236463065
498,4.008247493682219
499,3.980998922910076
500,3.672201935975864
501,2.921632267327675
502,2.316454201975073
503,1.5696423005391187
504,2.186722406911571
505,3.5876316382445363
506,4.6988459880794595
507,4.853053723429974
508,2.9084578672625563
509,1.65784785517548
510,0.5336371514902072
511,0.5091798286732452
512,1.29060099193303
513,2.6965049708402407
514,4.045813381184421
515,4.904030843706131
516,4.478519064067988
517,4.261270482134171
518,4.363571700631347
519,4.892589343805614
520,4.2714497366342865
521,4.1441588061801635
522,4.440092399042175
523,4.36365021624337
524,3.3656306037796737
525,1.3533871434735933
526,0.42187702409634453
527,0.5013675478177438
528,1.3798472135482298
529,2.2374496002221047
530,3.4387226632468835
531,3.3711206892564833
532,3.349979153484306
533,2.8713167625638127
534,2.9804488729567016
535,2.7969478940489862
536,2.7960189541027467
537,3.044055903294178
538,3.0072702742786777
539,3.376460715196226
540,3.758649691429114
541,3.8522410736709705
542,3.8579098753516576
543,3.8120560385848363
544,3.4952847350127425
545,3.141165264914561
546,2.9509341578662824
547,2.8811937555257847
548,2.7977445943381873
549,2.6968766583309884
550,2.3566602547216378
551,2.4603845641184208
552,2.8874059277583375
553,3.473313251572362
554,3.326342788750795
555,2.8531204924609592
556,1.8052110420817782
557,1.235051033217521
558,0.6577988775716787
559,0.7351496666138296
560,1.6690981625022916
561,2.4147637554007866
562,3.1041821619801344
563,3.218279934452529
564,2.9680382084360803
565,2.7419533645678875
566,2.614171346399439
567,2.3655921980241077
568,2.464384985955562
569,2.7907117068679645
570,3.0160911990040065
571,3.167408461695762
572,2.957115723656201
573,2.578455708877761
574,1.9963884677845751
575,1.525046856975777
576,1.0219720456987498
577,1.722604951162341
578,2.35171888578519
579,2.7381690586987673
580,2.982007460306583
581,2.7938646443297217
582,2.5624818363356154
583,2.8639442423233916
584,3.2724143004147543
585,3.4315473525337237
586,3.4467837425639973
587,3.2587720876164417
588,2.971217855885023
589,2.710413034605301
590,2.72114869489167
591,2.8860176979140357
592,3.7576224383162145
593,3.868646007950979
594,3.912647903958652
595,3.821725725727037
596,3.97260899907425
597,4.54792153909255
598,4.055791370630665
599,4.072599879657342
600,4.178386769009516
601,4.320185379464339
602,3.4612678612513057
603,2.7423071572216733
604,2.8850418340093973
605,3.2011270445403075
606,3.0129335199231293
607,2.872103276010331
608,2.969575308078903
609,2.89224844281885
610,3.0462629206717184
611,3.0316846276232994
612,2.9294046183066937
613,2.376451934008632
614,1.8586725780959594
615,1.0379458275281448
616,0.8853918849340232
617,0.8700285280122516
618,1.6964692817095612
619,2.556280647389187
620,3.220946894083242
621,3.36186020716367
622,2.869262070497832
623,2.695522062596815
624,2.6136306342508457
625,2.4591056799066804
626,2.3298154828634363
627,2.829777216285886
628,3.2726542115699093
629,3.731938123196057
630,4.17616881033515
631,4.315388119311125
632,4.119565914309955
633,3.8328898551087556
634,3.6201160408408715
635,3.226176159528265
636,2.84873198904207
637,2.462422259777956
638,2.4772932521378386
639,2.7091423987207666
640,2.8660749465084656
641,3.108855981117773
642,3.3561237128452768
643,3.019433751368228
644,2.434798094023159
645,1.8823438258064864
646,1.1154831611378686
647,1.6126912090643917
648,2.2750944667004753
649,3.276344593724922
650,3.6961217014303984
651,4.154143618770075
652,3.902085895851432
653,3.6326243341479176
654,3.4084839739808217
655,3.247702823079532
656,3.050536222039388
657,2.9188935293541096
658,2.9820383132340527
659,2.894311874279442
660,2.9037258420730248
661,2.7681872504836154
662,2.617933125262976
663,2.6606328815938913
664,2.860879844115953
665,2.87676983003663
666,3.0259718456134994
667,3.2502458526392446
668,3.2662075412255747
669,3.225725059836445
670,3.3728025401868282
671,3.3187605133387166
672,3.113813486598236
673,2.868616202497804
674,2.657901158064558
675,2.671750910085346
676,2.7453802240767917
677,2.6452046433951235
678,2.915555900083976
679,3.714634437747826
680,3.734734929337142
