0,23.891988188415656
1,24.825878649338172
2,20.499144898136986
3,17.69065885534024
4,15.748648900664595
5,15.38184542693432
6,10.140965837620671
7,8.525579305116333
8,8.007719752633063
9,4.305242225215345
10,1.3212545431894127
11,2.057671840545128
12,3.061818548208396
13,3.704048806457067
14,3.879084720571284
15,4.124370903539821
16,4.160188499712178
17,4.374568855149023
18,4.649841083487385
19,4.705784410189328
20,4.2164850643903495
21,3.7327803790203054
22,3.689311317607313
23,3.434461796478525
24,3.411969811275759
25,3.169400319013058
26,2.584061367779888
27,1.9459894935594642
28,1.7772542105722333
29,1.783504857200113
30,1.6958884719396272
31,1.7469453420363619
32,1.8149859987046029
33,1.8265984255993304
34,1.7911822766472718
35,1.7726031700869092
36,1.8384662791003132
37,1.7404683201675248
38,1.5416380882224756
39,1.4915031944355626
40,1.4121066213950335
41,1.5151860655428981
42,1.5408785700555134
43,1.6595649853380432
44,1.5967857667698593
45,1.6475156139614129
46,1.6719195215477995
47,1.6466711386227382
48,1.6462829049901164
49,1.522761783137482
50,1.594150757454022
51,1.6230764628204788
52,1.6437141530136112
53,1.57172599034438
54,1.6279549461308793
55,1.7205866641386414
56,1.7725823458637686
57,1.760419358948269
58,1.679656011072647
59,1.5226036531998615
60,1.4873479591715186
61,1.4501761078004098
62,1.3674865382102679
63,1.272867631265616
64,1.180277674515327
65,1.1855735823265505
66,1.1664407476316128
67,1.2019033814924658
68,1.2492899417008705
69,1.2917868397821335
70,1.2799207498936074
71,1.2528404396710666
72,1.2411755697960631
73,1.2348561408222862
74,1.2448965432343937
75,1.3795172096326493
76,1.3890065143833
77,1.4067160656760131
78,1.38161041719379
79,1.4876766569129782
80,1.7036465052189411
81,2.045406295595007
82,2.2872507745654125
83,3.2430789903552375
84,4.809074851613816
85,6.2081303522633755
86,6.352621903328652
87,6.38105744309198
88,6.37797062682795
89,6.279853127869821
90,6.193958777787337
91,5.716978122610244
92,4.469910445693139
93,2.0996809566861256
94,1.637440551754754
95,1.4781094607311585
96,1.3072059709491717
97,1.3569256130523737
98,1.4179033193297055
99,1.7369859210186007
100,2.019285851298911
101,2.2098356070681207
102,2.3478004716013863
103,2.314881047695229
104,2.350167195340272
105,2.419633847546395
106,2.4082437268542467
107,2.2076495534477263
108,1.944181782064679
109,1.8359604662137936
110,1.6330842753885921
111,1.6909227121854358
112,1.6873292048377826
113,1.67215909649069
114,1.8981966395494527
115,2.0737915749753872
116,2.963992361079025
117,3.755620981452139
118,4.1695214630348145
119,4.456653428147516
120,4.616154606526671
121,4.6353214932774085
122,4.536617759954553
123,4.472693208305142
124,3.9436859168087612
125,3.205187547143117
126,2.690319103386276
127,2.1625093054770024
128,1.9019780105631097
129,1.979059980074148
130,1.99560978859675
131,2.0382463625511185
132,2.0752511346967846
133,1.992177100020935
134,1.9842542080268173
135,1.9577530493838273
136,1.776714772032531
137,1.5211781448458352
138,1.5614417588548162
139,1.4755341379381732
140,1.49767563386811
141,1.62872916491075
142,1.6429302146507292
143,1.7448642432517458
144,1.7453370294058912
145,1.7518693718113152
146,1.693226222194321
147,1.6661343633786136
148,1.6558021575309836
149,1.6324888237262296
150,1.5739470271084879
151,1.7523938767845777
152,1.7532885575495234
153,1.7567848720091122
154,1.742543277661155
155,1.7460020966970975
156,1.6747954937728726
157,1.5748863601127958
158,1.5849705209479512
159,1.2647745410747686
160,1.2718346961159512
161,1.4218555887876685
162,1.500687273500201
163,1.674807195441784
164,1.911228568940797
165,2.433747423032047
166,2.8966896573277503
167,2.9284022950765123
168,3.059649594493188
169,3.545459036910802
170,3.596496011708104
171,3.7598877937221484
172,3.8566771335509578
173,3.641852684823564
174,3.323739678779807
175,3.2870870298683674
176,3.1757356200195153
177,2.5422972913147968
178,2.53805645168727
179,2.1766852064418383
180,1.888935919541377
181,2.419420265634457
182,4.052888041368504
183,4.765384035902344
184,5.19038329678798
185,5.359089728101224
186,5.3279634311124955
187,5.37155615562358
188,5.425833605882985
189,5.190230468574263
190,4.09595967901691
191,3.354956264296876
192,2.641261669623374
193,2.2494630235857485
194,2.218278013411658
195,2.0934489784048296
196,1.987051017092153
197,1.9392928709014683
198,1.759693274531551
199,1.528212041146937
200,1.525682871306773
201,1.5521186672127802
202,1.5713566846147522
203,1.596043688190754
204,1.4501918588558311
205,1.3828814127332791
206,1.4096152067853254
207,1.4310604472091581
208,1.4514072313204143
209,1.5037144519190506
210,1.5131750123058345
211,1.4851507984646506
212,1.435074583168225
213,1.4121764432360189
214,1.4112253864797566
215,1.418224639783163
216,1.391754557706692
217,1.3289259467451195
218,1.2620544218104432
219,1.2828368176276967
220,1.3316560617464188
221,1.8493749851226982
222,1.9175937272467405
223,1.9708060624938464
224,2.00127189516553
225,2.051142410808819
226,2.409442550464218
227,2.6755537711390938
228,3.1739079449469187
229,3.668365126879248
230,4.08450735740953
231,4.170945852734253
232,4.243058955122912
233,4.232819745181666
234,4.064391262356834
235,3.902779027029762
236,3.512407710784855
237,2.7121493803163483
238,1.9134990109516852
239,1.7048517889334747
240,1.5914186685731946
241,1.6517750758608023
242,1.6938679938550678
243,1.7423057394426729
244,1.751076577138832
245,1.8845201567439267
246,2.016235079348384
247,1.9970368456425558
248,1.9106790411688872
249,2.0107380148430254
250,2.025583159451675
251,1.9665156867314455
252,1.9510936722736363
253,1.8206852734480299
254,1.6879833149693275
255,1.6568034961613614
256,1.6940427432075722
257,1.5123192996119805
258,1.6129471580146557
259,1.7100165125962516
260,1.6765346647280608
261,1.6332239923136442
262,1.6093099744476782
263,1.6443954957751092
264,1.6415200526747356
265,1.7875139518691971
266,1.6224672015721624
267,1.653108493972596
268,1.6524206099816934
269,1.760133153658619
270,1.8383646847153308
271,1.8625526747407124
272,1.8815214650818175
273,1.8709519166778579
274,2.0050400273955864
275,1.9583205591229351
276,1.994691067579952
277,8.83649458400301
278,10.105926197094178
279,13.45195712662819
