0,0.05350494929156339
1,0.04205736977816139
2,0.03835678723274195
3,0.03428124841384472
4,0.03003408005230477
5,0.025603781028795777
6,0.038488589564528435
7,0.03628187346282844
8,0.04283917128541774
9,0.039763222882032934
10,0.04851887922671348
11,0.0480082970728644
12,0.047508999327364354
13,0.04667732421471836
14,0.04725848079115375
15,0.04962090412799321
16,0.05106357802136549
17,0.049904687368276454
18,0.05004475034022024
19,0.056638774297945796
20,0.05466407893102227
21,0.05188388834369175
22,0.05028782822779824
23,0.04811315451592928
24,0.04674887102306708
25,0.04848856374532159
26,0.048707050946313106
27,0.048701436942567476
28,0.050534188813967
29,0.05305970066527558
30,0.05161653360864941
31,0.0501937584570385
32,0.05055906174330005
33,0.05221872948182061
34,0.05266123849305871
35,0.05045870789578166
36,0.050569547707931296
37,0.04881545332835546
38,0.042376163698255385
39,0.042967358960015634
40,0.04023070166083127
41,0.04132165619103501
42,0.060673090152171504
43,0.05918594913280865
44,0.057325222528759365
45,0.05646206374964192
46,0.056347580305551585
47,0.05761803983326038
48,0.05919373267820814
49,0.05945211160891488
50,0.05967903880562349
51,0.06690320999021745
52,0.06682095577851711
53,0.06550309774692056
54,0.06572210477138256
55,0.06029715218243821
56,0.05881341277420312
57,0.057779665620953435
58,0.04399198945836437
59,0.043523412733778244
60,0.0451303141979172
61,0.05474569166084287
62,0.07179411816063434
63,0.08949636239673217
64,0.07390207503199905
65,0.0764763486894402
66,0.07993249609835529
67,0.07732400436261488
68,0.08893156094778389
69,0.08445474419738365
70,0.0837952431755747
71,0.07581207512525272
72,0.05857593143407509
73,0.040201998302349065
74,0.03892855216183849
75,0.052843256230345484
76,0.052683494349115255
77,0.056136385288717734
78,0.051027494562837825
79,0.052642469042589374
80,0.04667692556449532
81,0.04564367807270129
82,0.042426209583808404
83,0.042221834064263664
84,0.04219397089486521
85,0.03843278480404934
86,0.0327991863385221
87,0.03192856665045652
88,0.032132059115388086
89,0.039319048015273465
90,0.05659908539957716
91,0.05641412177868364
92,0.06349756804839725
93,0.054089714347352484
94,0.06049769856441987
95,0.06139633459424693
96,0.02778718804898025
97,0.03376643323074007
98,0.011509318254248852
99,0.005172316462370991
100,0.0
101,0.0038501590114501803
102,0.0078033864037014445
103,0.013336818419035591
104,0.03595613851006934
105,0.02760095791291943
106,0.02617049467203237
107,0.04457407946970629
108,0.05228273167854853
109,0.05288527596770856
110,0.05277563848504009
111,0.05148970591391827
112,0.04880975811357219
113,0.047330288972155014
114,0.04878683131715988
115,0.04765411411011436
116,0.04760777489137233
117,0.05205956599274774
118,0.06948476049894146
119,0.06659458254281517
120,0.05685217139895106
121,0.05761105970894244
122,0.05018367223953063
123,0.04846487436918797
124,0.047662687791471495
125,0.04731539550606375
126,0.04797585850073252
127,0.048620386548299165
128,0.05091075733678589
129,0.047407476281864556
130,0.04714027561373908
131,0.04305012411758687
132,0.04246377077048227
133,0.043087524501756826
134,0.042645269606405856
135,0.04540543742688032
136,0.04574077089028589
137,0.05679265091512677
138,0.055225682308975524
139,0.05848975818294692
140,0.058037782464221976
141,0.06673534605768158
142,0.06704697019679749
143,0.07385624391499934
144,0.08582878793800608
145,0.08042625847620004
146,0.07806239710529501
147,0.05890766144929227
148,0.04080022505626603
149,0.04242204179321885
150,0.027426354171266803
151,0.025678607569923878
152,0.022439531494033278
153,0.01947663986113579
154,0.01649539762613753
155,0.017111775890928077
156,0.02997327802410488
157,0.022815312562339884
158,0.027087419043501544
159,0.05767435850070556
160,0.07256465535134035
161,0.06588173037078714
162,0.04045605587800285
163,0.03941558260656055
164,0.01905011119068568
165,0.019844491367480885
166,0.01797868173603925
167,0.019803321001663557
168,0.02389242326140887
169,0.053372794890098815
170,0.0464750606756895
171,0.038929086140839224
172,0.0308708958245163
173,0.036934740505770225
174,0.03734098502897634
175,0.03661905115743724
176,0.038601599002256466
177,0.03819002466681273
178,0.03516528502810413
179,0.0580002897155161
180,0.05778023705840394
181,0.057506708661936065
182,0.05909805464694537
183,0.05715689570451154
184,0.055589884532132594
185,0.06677620826554684
186,0.06657906924211596
187,0.06427504682391194
188,0.06317150784111482
189,0.06274311642029083
190,0.061928028537282416
191,0.06171045046163538
192,0.060745884812050115
193,0.06315418831409773
194,0.06272149730067002
195,0.06159687571201843
196,0.06045896208023144
197,0.060912123853756384
198,0.05985298937476606
199,0.05440200977427674
200,0.038914864869004064
201,0.03846135883821775
202,0.03713150052608692
203,0.03893295867107168
204,0.044255912183498954
205,0.046527763027289074
206,0.051966195196871956
207,0.05644336938042056
208,0.06084571792479068
209,0.050443784371932136
210,0.07793013566977115
211,0.07942270420518265
212,0.08603081255916628
213,0.08120949575186522
214,0.0791191236710624
215,0.07749695853603476
216,0.07652656064031037
217,0.07095549651840141
218,0.05785061797415636
219,0.04685528521115901
220,0.045477846378809896
221,0.04590672766165978
222,0.04602628182721723
223,0.04910602345588188
224,0.050920149257980746
225,0.04497494850829323
226,0.04413297395023698
227,0.04707868490435553
228,0.04516546470737351
229,0.04404948165270773
230,0.040820291035113164
231,0.0409582919196031
232,0.04236086046702905
233,0.038535633827362886
234,0.03497764455481513
235,0.03591873538664449
236,0.04041788614484334
237,0.044797587137506256
238,0.044025697491966484
239,0.04092588218947322
240,0.0433665384367969
241,0.0412927847714498
242,0.04318364486186624
243,0.04362863877858153
244,0.0409266342451517
245,0.04143456298557001
246,0.043001458151203716
247,0.05888328423333669
248,0.06089773759939359
249,0.05152306711605945
250,0.04341744038863891
251,0.036476688998291
252,0.03276146505732814
253,0.03355661435855301
254,0.03080598175767397
255,0.028296508754396675
256,0.024378651333346744
257,0.024763561366351446
258,0.031372478753816754
259,0.045923811587938485
260,0.050367910773847155
261,0.05030682158551327
262,0.05351644910069114
263,0.05671117193582589
264,0.07321029331425777
265,0.07057423384119285
266,0.07501746299735389
267,0.08545106795030363
268,0.08551184527104903
269,0.09083881321271407
270,0.07953734339608107
271,0.0784799686092191
272,0.07836760509906496
273,0.06342800598353128
274,0.04820301329036121
275,0.04407434745822212
276,0.04195488952996732
277,0.040806716063303036
278,0.04211240144049803
279,0.03940986208723332
280,0.0380716624756676
281,0.03535424303007226
282,0.048969370525597584
283,0.05080060550514978
284,0.051459232580323644
285,0.05364180462815577
286,0.05390427283050324
287,0.06660914435102591
288,0.06718043384743627
289,0.06753215514275498
290,0.05108419217454704
291,0.043089981333589863
292,0.04466463761422979
293,0.059114856514671334
294,0.052612958060179786
295,0.048674372435599286
296,0.021556247686326857
297,0.01885758101529357
298,0.018878560206081647
299,0.01949023030216495
300,0.017721543661003453
301,0.016874319359224437
302,0.02609492461903241
303,0.03995767987847329
304,0.03635311021069254
305,0.029625386766914102
306,0.049690296793363516
307,0.03989024404870231
308,0.05085479592703238
309,0.04851309081567874
310,0.050763191081277054
311,0.053199799579090025
312,0.05322928410508371
313,0.056318389614500815
314,0.055094402352295076
315,0.05383070351533636
316,0.05414587724005022
317,0.042268229496206
318,0.03790700749670654
319,0.036706318053958985
320,0.034040638652663775
321,0.03443664330257499
322,0.031830890920683606
323,0.02865668048586863
324,0.02853306718863707
325,0.03167113961923174
326,0.05073927485892158
327,0.042663176257939334
328,0.0487782642790782
329,0.04596518998563878
330,0.047342459170774516
331,0.04716145774311888
332,0.04764977923165881
333,0.04536056317219308
334,0.05577395710647757
335,0.05073847310571057
336,0.04814246811567371
337,0.04667452371617654
338,0.04500675826192297
339,0.04316811724745816
340,0.040933697910047806
341,0.039738876905860386
342,0.04184339259127263
343,0.04001863764813202
344,0.04232570312333501
345,0.06319459813709571
346,0.0617424166522998
347,0.06239739336258232
348,0.06196216372114385
349,0.062386802288504406
350,0.06269302633207029
