0,5.011608959253511
1,4.984968428266273
2,4.933111462601396
3,4.116884023376959
4,2.66610182974332
5,0.3905236104554242
6,0.37689981764084846
7,0.35515232658345935
8,0.3281788583956582
9,0.32279375426646045
10,0.3128857437898186
11,0.34923578647438197
12,0.34004742320524334
13,0.35055693530061455
14,0.41390455237112583
15,0.46323339796111396
16,0.46937153900231987
17,0.4648551876944366
18,0.47025438371330947
19,0.45414858592793445
20,0.476824875457077
21,0.4910776062942873
22,0.4375402326694957
23,0.4195738793742856
24,0.43286242092430494
25,0.5149804611538236
26,0.5811189243618999
27,0.5946699976080151
28,0.6083312953085299
29,0.6111314642707328
30,0.6129316440978784
31,0.5788696289998252
32,0.5665958669319285
33,0.5190123338093046
34,0.4430927645336788
35,0.42521727610250365
36,0.4064923142002448
37,0.42259025254532134
38,0.4964792739651928
39,0.49713120320305004
40,0.5094217440618776
41,0.4974135228913521
42,0.49622121066544533
43,0.49233237773828686
44,0.46556353725190486
45,0.42650107429962
46,0.33871688046680465
47,0.3551116125014078
48,0.43189107608022487
49,0.4812332218401145
50,0.494010008832441
51,0.49378591307231356
52,0.5020962374981323
53,0.4962350645707442
54,0.5415964224656828
55,1.353362291876351
56,2.9656179791173574
57,4.476188132998157
58,5.5245930909193515
59,5.6184298181650725
60,5.635241676373087
61,5.638655766270135
62,5.635118992815811
63,5.501202074247684
64,4.820086328501337
65,3.4586351265017425
66,1.2142818112502105
67,0.6518896367180607
68,0.4769667748522181
69,0.5006186274440716
70,0.4925306282342079
71,0.4540196994293529
72,0.46924206425455983
73,0.4560777827705132
74,0.46539983424935194
75,0.47994067993611395
76,0.47691222685551465
77,0.4189719850831694
78,0.4355214184593793
79,0.45175217224343694
80,0.563782453151589
81,0.5717027508615017
82,0.7478654147683264
83,1.235103080391029
84,2.010392293432824
85,3.1185395147402066
86,3.956173086129585
87,4.299370073312386
88,4.391932587204058
89,4.4002045334874085
90,4.371363539673984
91,4.2564906601645545
92,3.951973920930408
93,3.151048346017233
94,2.0034836097514206
95,1.0691994934661262
96,0.6153967117662124
97,0.9250051038203553
98,0.9893086567885433
99,1.0200819272713986
100,1.0148143925606192
101,1.0107188838879337
102,0.9943877177440761
103,0.9927526654124791
104,0.8935074262508084
105,0.46711389476133336
106,0.2939872485829609
107,0.15041733633234824
108,0.09155102651912995
109,0.12410700869946949
110,0.47703024387040144
111,0.6040224781587135
112,0.667032452184177
113,0.7113812268777536
114,0.7755437293734364
115,0.8991491562666616
116,1.1346989835237966
117,1.2573511652517626
118,1.1765054054635886
119,1.1278647213358268
120,1.1217957802331424
121,1.1098713876883606
122,1.0849028404046257
123,0.9931668735340946
124,0.7493595046202073
125,0.5157534010836538
126,0.5681510773769844
127,0.6415252695435251
128,0.690418306470087
129,0.6738706329831935
130,0.6862395391066267
131,0.7907388697061359
132,0.8202352781671628
133,0.8164105821926915
134,0.7711023967611641
135,0.6991044873491881
136,0.6223097031536466
137,0.6280303114915234
138,0.5867986637100743
139,0.4440628302553857
140,0.3457812331499901
141,0.41276700302290353
142,0.5217774853047329
143,0.6012849386272554
144,0.7335109670515576
145,0.8672795145672212
146,1.1634300303708667
147,1.542458076412136
148,1.7672168996666804
149,2.032859711900212
150,2.285543673918877
151,2.3015168035453097
152,2.491512816853426
153,2.966766710314089
154,3.2197363852850467
155,3.141115994701729
156,3.069714224886378
157,2.8988039275568496
158,2.723029835970137
159,2.7044864550338623
160,2.5614692272413935
161,1.9795087161584601
162,1.3302286676591368
163,1.2388864258626116
164,1.4880079755823303
165,2.3761689416042078
166,3.789289723908238
167,4.981520279056409
168,5.297811612515561
169,5.388681781476881
170,5.4292173891866655
171,5.402776196737995
172,5.31048395458023
173,4.977585444076869
174,3.983894260829038
175,2.316448025725188
176,1.3338762655365342
177,0.8097629394783782
178,0.4478440141769508
179,0.471079936721755
180,0.46964479070452836
181,0.45135107426987103
182,0.45793471409986775
183,0.4447157651480713
184,0.4474634052709514
185,0.6235422278641046
186,0.636799098375207
187,0.6053253942874738
188,0.599426677607311
189,0.6069565284889872
190,0.7404339353848762
191,1.2052516348929354
192,1.2397849578513813
193,1.5618782298623013
194,2.075142613226671
195,2.3277332871700125
196,2.395985239311306
197,2.4528800329983222
198,2.6913335571448926
199,2.608398235955933
200,2.5876416760489174
201,2.362719781369818
202,1.9276604643337134
203,1.618578063692121
204,1.5262472115453969
205,1.4279573822865952
206,0.7935958473029133
207,0.4082230978441978
208,0.404413931287887
209,0.4224063075813833
210,0.4199471608443504
211,0.4050938857019558
212,0.3644939533533451
213,0.3349450940323042
214,0.3286100842052385
215,0.5826074214433595
216,0.8043578909953627
217,1.315031410338534
218,2.1214314996347285
219,2.85099230811655
220,3.3730343057039973
221,3.6399761797974453
222,3.8360907405527023
223,3.8207377302428647
224,3.7808389885529814
225,3.6334479583240076
226,3.2305029858452303
227,2.644868217742018
228,1.9833335407750556
229,1.535862945274198
230,1.1179275915153717
231,1.1717178251201439
232,1.2999542618962239
233,1.489355186285464
234,1.5529058505597302
235,1.5283930639234469
236,1.5230699599271749
237,1.4284706530069364
238,1.2986732731402222
239,1.2099952859948724
240,1.0827430752906522
241,0.8702939763131585
242,0.7968881750715008
243,0.720204448654017
244,0.5882468728357151
245,0.5824547949168322
246,0.6067397077253567
247,0.6341460641741927
248,0.6829392552345752
249,0.6348889066699781
250,0.5572185129436482
251,0.60091698734106
252,0.6557077784092936
253,0.6601115023383062
254,0.6335890899594135
255,0.631010995093775
256,0.7152530037434174
257,0.7830747323605495
258,0.8845163991990379
259,0.8572296546746219
260,0.8261267354622809
