0,0.3128857437898186
1,0.34923578647438197
2,0.34004742320524334
3,0.35055693530061455
4,0.41390455237112583
5,0.46323339796111396
6,0.46937153900231987
7,0.4648551876944366
8,0.47025438371330947
9,0.45414858592793445
10,0.476824875457077
11,0.4910776062942873
12,0.4375402326694957
13,0.4195738793742856
14,0.43286242092430494
15,0.5149804611538236
16,0.5811189243618999
17,0.5946699976080151
18,0.6083312953085299
19,0.6111314642707328
20,0.6129316440978784
21,0.5788696289998252
22,0.5665958669319285
23,0.5190123338093046
24,0.4430927645336788
25,0.42521727610250365
26,0.4064923142002448
27,0.42259025254532134
28,0.4964792739651928
29,0.49713120320305004
30,0.5094217440618776
31,0.4974135228913521
32,0.49622121066544533
33,0.49233237773828686
34,0.46556353725190486
35,0.42650107429962
36,0.33871688046680465
37,0.3551116125014078
38,0.43189107608022487
39,0.4812332218401145
40,0.494010008832441
41,0.49378591307231356
42,0.5020962374981323
43,0.4962350645707442
44,0.5415964224656828
45,1.353362291876351
46,2.9656179791173574
47,4.476188132998157
48,5.5245930909193515
49,5.6184298181650725
50,5.635241676373087
51,5.638655766270135
52,5.635118992815811
53,5.501202074247684
54,4.820086328501337
55,3.4586351265017425
56,1.2142818112502105
57,0.6518896367180607
58,0.4769667748522181
59,0.5006186274440716
60,0.4925306282342079
61,0.4540196994293529
62,0.46924206425455983
63,0.4560777827705132
64,0.46539983424935194
65,0.47994067993611395
66,0.47691222685551465
67,0.4189719850831694
68,0.4355214184593793
69,0.45175217224343694
70,0.563782453151589
71,0.5717027508615017
72,0.7478654147683264
73,1.235103080391029
74,2.010392293432824
75,3.1185395147402066
76,3.956173086129585
77,4.299370073312386
78,4.391932587204058
79,4.4002045334874085
80,4.371363539673984
81,4.2564906601645545
82,3.951973920930408
83,3.151048346017233
84,2.0034836097514206
85,1.0691994934661262
86,0.6153967117662124
87,0.9250051038203553
88,0.9893086567885433
89,1.0200819272713986
90,1.0148143925606192
91,1.0107188838879337
92,0.9943877177440761
93,0.9927526654124791
94,0.8935074262508084
95,0.46711389476133336
96,0.2939872485829609
97,0.15041733633234824
98,0.09155102651912995
99,0.12410700869946949
100,0.47703024387040144
101,0.6040224781587135
102,0.667032452184177
103,0.7113812268777536
104,0.7755437293734364
105,0.8991491562666616
106,1.1346989835237966
107,1.2573511652517626
108,1.1765054054635886
109,1.1278647213358268
110,1.1217957802331424
111,1.1098713876883606
112,1.0849028404046257
113,0.9931668735340946
114,0.7493595046202073
115,0.5157534010836538
116,0.5681510773769844
117,0.6415252695435251
118,0.690418306470087
119,0.6738706329831935
120,0.6862395391066267
121,0.7907388697061359
122,0.8202352781671628
123,0.8164105821926915
124,0.7711023967611641
125,0.6991044873491881
126,0.6223097031536466
127,0.6280303114915234
128,0.5867986637100743
129,0.4440628302553857
130,0.3457812331499901
131,0.41276700302290353
132,0.5217774853047329
133,0.6012849386272554
134,0.7335109670515576
135,0.8672795145672212
136,1.1634300303708667
137,1.542458076412136
138,1.7672168996666804
139,2.032859711900212
140,2.285543673918877
141,2.3015168035453097
142,2.491512816853426
143,2.966766710314089
144,3.2197363852850467
145,3.141115994701729
146,3.069714224886378
147,2.8988039275568496
148,2.723029835970137
149,2.7044864550338623
150,2.5614692272413935
151,1.9795087161584601
152,1.3302286676591368
153,1.2388864258626116
154,1.4880079755823303
155,2.3761689416042078
156,3.789289723908238
157,4.981520279056409
158,5.297811612515561
159,5.388681781476881
160,5.4292173891866655
161,5.402776196737995
162,5.31048395458023
163,4.977585444076869
164,3.983894260829038
165,2.316448025725188
166,1.3338762655365342
167,0.8097629394783782
168,0.4478440141769508
169,0.471079936721755
170,0.46964479070452836
171,0.45135107426987103
172,0.45793471409986775
173,0.4447157651480713
174,0.4474634052709514
175,0.6235422278641046
176,0.636799098375207
177,0.6053253942874738
178,0.599426677607311
179,0.6069565284889872
180,0.7404339353848762
181,1.2052516348929354
182,1.2397849578513813
183,1.5618782298623013
184,2.075142613226671
185,2.3277332871700125
186,2.395985239311306
187,2.4528800329983222
188,2.6913335571448926
189,2.608398235955933
190,2.5876416760489174
191,2.362719781369818
192,1.9276604643337134
193,1.618578063692121
194,1.5262472115453969
195,1.4279573822865952
196,0.7935958473029133
197,0.4082230978441978
198,0.404413931287887
199,0.4224063075813833
200,0.4199471608443504
201,0.4050938857019558
202,0.3644939533533451
203,0.3349450940323042
204,0.3286100842052385
205,0.5826074214433595
206,0.8043578909953627
207,1.315031410338534
208,2.1214314996347285
209,2.85099230811655
210,3.3730343057039973
211,3.6399761797974453
212,3.8360907405527023
213,3.8207377302428647
214,3.7808389885529814
215,3.6334479583240076
216,3.2305029858452303
217,2.644868217742018
218,1.9833335407750556
219,1.535862945274198
220,1.1179275915153717
221,1.1717178251201439
222,1.2999542618962239
223,1.489355186285464
224,1.5529058505597302
225,1.5283930639234469
226,1.5230699599271749
227,1.4284706530069364
228,1.2986732731402222
229,1.2099952859948724
230,1.0827430752906522
231,0.8060599047804908
232,0.6687031621113784
233,0.5802238504759966
234,0.40712031292315165
235,0.39331384072476927
236,0.3854639190277898
237,0.3651458517048824
238,0.32880741915573886
239,0.3211609160227121
240,0.34668132581552985
241,0.3324086491825521
242,0.3934424597560261
243,0.4430790571212814
244,0.47285849553003256
245,0.46584913274796086
246,0.4620532069214263
247,0.4694236520309934
248,0.4690553204485968
249,0.4969983544739415
250,0.45613584122886974
251,0.42050360386879154
252,0.4232375614651887
253,0.4835494087680348
254,0.5717572294943762
255,0.59325111892803
256,0.5975455748290414
257,0.613468950938343
258,0.6124976350092249
259,0.5959136054710484
260,0.5661367752484997
261,0.5399156777510469
262,0.45967723084161977
263,0.4201054647388051
264,0.4183522759129874
265,0.38188000132268274
266,0.4907247572208587
267,0.49757943381461067
268,0.5096931834637056
269,0.4941637553129854
270,0.4985531596285122
271,0.5007321035020574
272,0.4726335736255504
273,0.4660901197162611
274,0.34279937123774074
275,0.3538157762381848
276,0.36506058505171257
277,0.4848878713950071
278,0.4890260677510589
279,0.49482099038779814
280,0.4987550051766346
281,0.4957218091801924
282,0.5150252038777554
283,0.7820168919630284
284,2.2511253210850954
285,3.8749984316921133
286,5.208939328155244
287,5.611768290090271
288,5.627676221402961
289,5.638479464515965
290,5.637551638787208
291,5.608500353685705
292,5.198016726319671
293,4.119937458248244
294,2.205197512679851
295,0.7068757394181391
296,0.5640164821546463
297,0.4993203893733491
298,0.49511463167187425
299,0.4775399254232406
300,0.4628687829630623
301,0.47378173963736475
302,0.453742172451387
303,0.47894990918509484
304,0.4780281116481384
305,0.41844567304471075
306,0.43825514507921043
307,0.4285621831051739
308,0.5134896966907355
309,0.5610190379568925
310,0.6391147819389134
311,0.9607400969664083
312,1.634385391815251
313,2.680648645166706
314,3.6515513421159422
315,4.195081123490321
316,4.3722001845851475
317,4.400246292826984
318,4.390577449715139
319,4.327271293403629
320,4.120526226340173
321,3.5308648730603522
322,2.5151962336007054
323,1.4342400449889163
324,0.6683640413158689
325,0.8252486074578493
326,0.9791399800544999
327,1.0098938246398392
328,1.0195834170195743
329,1.0146255933547634
330,0.9978790678988508
331,0.9935577403841228
332,0.9839942827360799
333,0.6388013770250177
334,0.3274596141658818
335,0.2109086047561011
336,0.1040322920816037
337,0.0812934496975346
338,0.33142137812160855
339,0.5619192612075746
340,0.657128963992291
341,0.6694366161446518
342,0.7710174674446282
343,0.814179925269918
344,1.0426275020223181
345,1.2351054187293071
346,1.2247925606797774
347,1.1443378713975825
348,1.1144047317739756
349,1.1280339238477783
350,1.0802984418470234
351,1.0579753103678744
352,0.8581668505973077
353,0.573446725160945
354,0.5369857522983572
355,0.6062106237854593
356,0.6834661217023376
357,0.6842045371779096
358,0.6643303067578906
359,0.7539783416141195
360,0.8173543510796326
361,0.8178366959075498
362,0.793864290106799
363,0.7349154124619733
364,0.6377789183163114
365,0.6278199656879944
366,0.6214040840197527
367,0.5013812170727499
368,0.37907048845196
369,0.35340244325974857
370,0.48189462531384375
371,0.5722644152971188
372,0.6850774383329279
373,0.8154685973322845
374,0.9978521204644517
375,1.4034539999708782
376,1.6758142260431073
377,1.917199093588575
378,2.2193824386448093
379,2.2942681106661635
380,2.3753870473548075
381,2.762150596788122
382,3.165357546416511
383,3.1783790436453834
384,3.11128855669001
385,2.9790391858949223
386,2.772257842573454
387,2.707969601037712
388,2.6540691730414085
389,2.274741772877183
390,1.5702595497361387
391,1.2304247899754501
392,1.288006795344447
393,1.8993016158646447
394,3.20264446800798
395,4.535686047877434
396,5.2378719417774855
397,5.349811633391154
398,5.425868903988948
399,5.42161358307711
400,5.367561052807607
401,5.179432903558617
402,4.47565560749488
403,3.1082308482143666
404,1.6017078741009916
405,1.0316162196718535
406,0.4972863066419723
407,0.46774860319391853
408,0.47116899077640706
409,0.45898482877020735
410,0.4663812615467754
411,0.43842675477251003
412,0.45067588053323093
413,0.5810942508490394
414,0.6366664877095013
415,0.6070674827770289
416,0.6051860475884596
417,0.5946104350427885
418,0.6476317634670872
419,1.0467330836015176
420,1.2362428080357664
421,1.3332700205481394
422,1.8510285662449655
423,2.2484672144854443
424,2.3913396474365354
425,2.4187560037244276
426,2.5851786739763742
427,2.6689341935400073
428,2.5912026707016254
429,2.5115490062780395
430,2.140733364736951
431,1.7236257491286437
432,1.5288390198647694
433,1.4928849054130786
434,1.1466944297994883
435,0.4508784424644375
436,0.4058466095126848
437,0.41532949988918383
438,0.4281845253973802
439,0.4229514074756945
440,0.38335424340435753
441,0.33322688932038386
442,0.3242200678517442
443,0.45843188004732216
444,0.6920316197076116
445,1.0659937848291747
446,1.7763983350541985
447,2.538855985181919
448,3.214284178216765
449,3.5175318308650714
450,3.784941943270951
451,3.8379334807435814
452,3.802857206312984
453,3.7139725385222273
454,3.4308778423780537
455,2.927547299323743
456,2.2263470736385145
457,1.7481973436171943
458,1.2292207463649953
459,1.144134857542988
460,1.2148733883466398
461,1.4275330612609793
462,1.5419931638678663
463,1.5373432699589695
464,1.5211280687872737
465,1.4866745721217542
466,1.3478398715703244
467,1.2331201147504223
468,1.1727256251627471
